602,260877993664
601,280877993663
600,900877993663
601,050877993663
601,940877993664
601,820877993664
601,270877993663
601,370877993664
600,600877993663
601,370877993664
600,600877993663
601,370877993664
600,600877993663
601,370877993664
196,878149054218
197,648149054218
196,878149054218
197,648149054218
196,878149054218
197,648149054218
196,878149054218
197,648149054218
196,878149054218
197,648149054218
196,878149054218
197,648149054218
196,878149054218
197,648149054218
180,885482621931
181,655482621931
180,885482621931
181,655482621931
180,885482621931
181,655482621931
180,885482621931
181,655482621931
180,885482621931
181,655482621931
180,885482621931
181,655482621931
180,885482621931
181,655482621931
975,249172302864
976,019172302864
975,249172302864
976,019172302864
975,249172302864
976,019172302864
975,249172302864
976,019172302864
975,249172302864
976,019172302864
975,249172302864
976,019172302864
975,249172302864
976,019172302864
530,89231727797
531,662317277971
530,89231727797
531,662317277971
530,89231727797
531,662317277971
530,89231727797
531,662317277971
530,89231727797
531,662317277971
530,89231727797
531,662317277971
530,89231727797
531,662317277971
325,785449464586
326,555449464586
325,785449464586
326,555449464586
325,785449464586
326,555449464586
325,785449464586
326,555449464586
325,785449464586
326,555449464586
325,785449464586
326,555449464586
325,785449464586
326,555449464586
432,799858773759
433,569858773759
432,799858773759
433,569858773759
432,799858773759
433,569858773759
432,799858773759
433,569858773759
432,799858773759
433,569858773759
432,799858773759
433,569858773759
432,799858773759
433,569858773759
41,9710098398376
42,7410098398378
41,9710098398376
42,7410098398378
41,9710098398376
42,7410098398378
41,9710098398376
42,7410098398378
41,9710098398376
42,7410098398378
41,9710098398376
42,7410098398378
41,9710098398376
42,7410098398378
590,800172873223
591,570172873224
590,800172873223
591,570172873224
590,800172873223
591,570172873224
590,800172873223
591,570172873224
590,800172873223
591,570172873224
590,800172873223
591,570172873224
590,800172873223
591,570172873224
804,867614439137
805,637614439137
804,867614439137
805,637614439137
804,867614439137
805,637614439137
804,867614439137
805,637614439137
804,867614439137
805,637614439137
804,867614439137
805,637614439137
804,867614439137
805,637614439137
113,582551892553
114,352551892553
113,582551892553
114,352551892553
113,582551892553
114,352551892553
113,582551892553
114,352551892553
113,582551892553
114,352551892553
113,582551892553
114,352551892553
113,582551892553
114,352551892553
523,651513139403
524,421513139403
523,651513139403
524,421513139403
523,651513139403
524,421513139403
523,651513139403
524,421513139403
523,651513139403
524,421513139403
523,651513139403
524,421513139403
523,651513139403
524,421513139403
99,1643657266535
99,9343657266534
99,1643657266535
99,9343657266534
99,1643657266535
99,9343657266534
99,1643657266535
99,9343657266534
99,1643657266535
99,9343657266534
99,1643657266535
99,9343657266534
99,1643657266535
99,9343657266534
75,8999567099596
76,6699567099595
75,8999567099596
76,6699567099595
75,8999567099596
76,6699567099595
75,8999567099596
76,6699567099595
75,8999567099596
76,6699567099595
75,8999567099596
76,6699567099595
75,8999567099596
76,6699567099595
86,1509965198234
86,9209965198234
86,1509965198234
86,9209965198234
86,1509965198234
86,9209965198234
86,1509965198234
86,9209965198234
86,1509965198234
86,9209965198234
86,1509965198234
86,9209965198234
86,1509965198234
86,9209965198234
44,3126551226565
45,0826551226566
44,3126551226565
45,0826551226566
44,3126551226565
45,0826551226566
44,3126551226565
45,0826551226566
44,3126551226565
45,0826551226566
44,3126551226565
45,0826551226566
44,3126551226565
45,0826551226566
37,0339235343286
37,8039235343285
37,0339235343286
37,8039235343285
37,0339235343286
37,8039235343285
37,0339235343286
37,8039235343285
37,0339235343286
37,8039235343285
37,0339235343286
37,8039235343285
37,0339235343286
37,8039235343285
383,330073033192
384,100073033192
383,330073033192
384,100073033192
383,330073033192
384,100073033192
383,330073033192
384,100073033192
383,330073033192
384,100073033192
383,330073033192
384,100073033192
383,330073033192
384,100073033192
9,8316365609352
10,6016365609346
9,8316365609352
10,6016365609346
9,8316365609352
10,6016365609346
9,8316365609352
10,6016365609346
9,8316365609352
10,6016365609346
9,8316365609352
10,6016365609346
9,8316365609352
10,6016365609346
62,5864646464658
63,3564646464658
62,5864646464658
63,3564646464658
62,5864646464658
63,3564646464658
62,5864646464658
63,3564646464658
62,5864646464658
63,3564646464658
62,5864646464658
63,3564646464658
62,5864646464658
63,3564646464658
138,492682611505
139,262682611505
138,492682611505
139,262682611505
138,492682611505
139,262682611505
138,492682611505
139,262682611505
138,492682611505
139,262682611505
138,492682611505
139,262682611505
138,492682611505
139,262682611505
211,480619597083
212,250619597083
211,480619597083
212,250619597083
211,480619597083
212,250619597083
211,480619597083
212,250619597083
211,480619597083
212,250619597083
211,480619597083
212,250619597083
211,480619597083
212,250619597083
123,242593433393
124,012593433393
123,242593433393
124,012593433393
123,242593433393
124,012593433393
123,242593433393
124,012593433393
123,242593433393
124,012593433393
123,242593433393
124,012593433393
123,242593433393
124,012593433393
150,00305089818
150,77305089818
150,00305089818
150,77305089818
150,00305089818
150,77305089818
150,00305089818
150,77305089818
150,00305089818
150,77305089818
150,00305089818
150,77305089818
150,00305089818
150,77305089818
29,2434188034205
30,0134188034206
29,2434188034205
30,0134188034206
29,2434188034205
30,0134188034206
29,2434188034205
30,0134188034206
29,2434188034205
30,0134188034206
29,2434188034205
30,0134188034206
29,2434188034205
30,0134188034206
101,28590246355
102,05590246355
101,28590246355
102,05590246355
101,28590246355
102,05590246355
101,28590246355
102,05590246355
101,28590246355
102,05590246355
101,28590246355
102,05590246355
101,28590246355
102,05590246355
447,858573839469
448,628573839469
447,858573839469
448,628573839469
447,858573839469
448,628573839469
447,858573839469
448,628573839469
447,858573839469
448,628573839469
447,858573839469
448,628573839469
447,858573839469
448,628573839469
92,5190320790372
93,2890320790372
92,5190320790372
93,2890320790372
92,5190320790372
93,2890320790372
92,5190320790372
93,2890320790372
92,5190320790372
93,2890320790372
92,5190320790372
93,2890320790372
92,5190320790372
93,2890320790372
129499,19000305
129499,96000305
129499,19000305
129499,96000305
129499,19000305
129499,96000305
129499,19000305
129499,96000305
129499,19000305
129499,96000305
129499,19000305
129499,96000305
129499,19000305
129499,96000305
-0,81
-0,04
-0,81
-0,04
-0,81
-0,04
-0,81
-0,04
-0,81
-0,04
-0,81
-0,04
-0,81
-0,04
-0,81
-0,04
-0,81
-0,04
-0,81
-0,04
-0,81
-0,04
-0,81
-0,04
-0,81
-0,04
-0,81
-0,04
-0,81
-0,04
-0,81
-0,04
-0,81
-0,04
-0,81
-0,04
-0,81
-0,04
-0,81
-0,04
-0,81
-0,04
-0,81
-0,04
-0,81
-0,04
-0,81
-0,04
-0,81
-0,04
-0,81
-0,04
-0,81
-0,04
-0,81
-0,04
-0,81
-0,04
-0,81
-0,04
