0,788421557372737
-1,5986575245361
0,202447608720823
-0,65024772054566
0,998164407831474
-0,400142313826514
-1,76140836502678
-0,304765672923582
0,482279304029312
-0,499539088362598
-0,669263448969395
0,314939202953892
0,38626341981618
0,00294756341582532
-1,24896240197708
0,187082441122653
0,95035645385637
-0,54095614174283
-1,05727375565611
0,276542449781571
0,0489818295739426
0,0132773958292244
-1,10030972037933
-0,198160087246768
-0,174751400560233
0,199539921573176
-0,897254901960717
-0,702853747559687
0,734719887955181
-0,203974358974366
0,645384615384595
-0,455555555555556
-0,173836875199063
0,00436183383703841
0,118570077153677
-0,266829195915823
0,0625904161198158
-1,40603677067676
0,569594090549913
-0,441679677821265
-0,040000000000002
-0,0428571428571429
0,317979242979247
-0,346634615384595
1,10198163730753
-0,405273725242766
-1,2067061601969
-0,689921483744963
0,00744767902662698
-0,0135952420534796
-0,736697513013351
-0,287037037037043
-1,1229545454546
-1,50404761904762
1,2109307359308
0,298051948051977
-0,0784379509379525
0,00843349460996612
-0,692322383498857
-0,35
-1,37746031746031
-0,00575036075036273
-0,496309523809524
0,4125
1,00724310776941
-0,00600000000000061
-0,648746867167904
-0,950000000000002
-0,0334535858877847
0,0252842560775977
-0,0396245515750134
-0,514616013071905
-0,912065335934714
-0,0360919660887025
-1,16555057951422
-0,238165680473341
1,14414141414143
-1,80513888888888
-0,26
-0,820202020202037
-0,0738095238095207
-0,00240950226244346
-0,643608597285069
-0,207993966817507
0,492425967994896
-0,00201839826839619
-0,541719740527801
-0,499748636296551
-0,0476657329598507
0,0164599693392248
0,186134453781521
-0,950350877192984
-0,0373069929726218
-2,05818521347935
0,306659339971961
-0,36537698412698
0,534999999999998
-2,01624999999998
0,653418803418801
-0,65256410256408
-0,147300150829567
-0,300723981900452
0,199313725490193
0,171858974358981
0,171656069211594
-0,585619678944453
0,286585028748331
0,15171633921631
1,97522768897762
-2,19383338883326
-0,998333333333334
0,290170940170922
-0,09
0
-0,0500000000000001
-0,05
