28
1
4
37
-0,47
-0,28
0,35
0,01
0,24
-0,26
0,3
-0,39
0,1
-0,95
-0,35
0,01
0,24
-0,26
0,3
-0,39
0,1
-0,95
-0,35
0,01
0,24
-0,26
0,3
-0,39
0,1
-0,95
-0,35
0,01
0,24
-0,26
0,3
-0,39
0,1
-0,95
-0,35
0,01
0,24
0,0908108108108108
45
75
1
2000
75
25
1
14.09.2011 10:39:13

28
2
4
70
0,19
0,65
-0,68
-0,25
0,78
-0,47
-0,28
0,35
0,01
0,24
-0,26
0,3
-0,39
0,1
-0,95
-0,35
0,01
0,24
-0,26
0,3
-0,39
0,1
-0,95
-0,35
0,01
0,24
-0,26
0,3
-0,39
0,1
-0,95
-0,35
0,01
0,24
-0,26
0,3
-0,39
0,1
-0,95
-0,35
0,01
0,24
-0,26
0,3
-0,39
0,1
-0,95
-0,35
0,01
0,24
-0,26
0,3
-0,39
0,1
-0,95
-0,35
0,01
0,24
-0,26
0,3
-0,39
0,1
-0,95
-0,35
0,01
0,24
-0,26
0,3
-0,39
0,1
0,202702702702703
50
75
1
1000
70
30
1
14.09.2011 10:42:42

28
7
4
235
-0,75
-0,9
0,74
-0,38
-0,57
0,98
-0,92
-0,78
-0,47
-0,28
0,35
0,01
0,24
-0,26
0,3
-0,39
0,1
-0,95
-0,35
0,01
0,24
-0,26
0,3
-0,39
0,1
-0,95
-0,35
0,01
0,24
-0,26
0,3
-0,39
0,1
-0,95
-0,35
0,01
0,24
-0,26
0,3
-0,39
0,1
-0,95
-0,35
0,01
0,24
-0,26
0,3
-0,39
0,1
-0,95
-0,35
0,01
0,24
-0,26
0,3
-0,39
0,1
-0,95
-0,35
0,01
0,24
-0,26
0,3
-0,39
0,1
-0,95
-0,35
0,01
0,24
-0,26
0,3
-0,39
0,1
-0,95
-0,35
0,01
0,24
-0,26
0,3
-0,39
0,1
-0,95
-0,35
0,01
0,24
-0,26
0,3
-0,39
0,1
-0,95
-0,35
0,01
0,24
-0,26
0,3
-0,39
0,1
-0,95
-0,35
0,01
0,24
-0,26
0,3
-0,39
0,1
-0,95
-0,35
0,01
0,24
-0,26
0,3
-0,39
0,1
-0,95
-0,35
0,01
0,24
-0,26
0,3
-0,39
0,1
-0,95
-0,35
0,01
0,24
-0,26
0,3
-0,39
0,1
-0,95
-0,35
0,01
0,24
-0,26
0,3
-0,39
0,1
-0,95
-0,35
0,01
0,24
-0,26
0,3
-0,39
0,1
-0,95
-0,35
0,01
0,24
-0,26
0,3
-0,39
0,1
-0,95
-0,35
0,01
0,24
-0,26
0,3
-0,39
0,1
-0,95
-0,35
0,01
0,24
-0,26
0,3
-0,39
0,1
-0,95
-0,35
0,01
0,24
-0,26
0,3
-0,39
0,1
-0,95
-0,35
0,01
0,24
-0,26
0,3
-0,39
0,1
-0,95
-0,35
0,01
0,24
-0,26
0,3
-0,39
0,1
-0,95
-0,35
0,01
0,24
-0,26
0,3
-0,39
0,1
-0,95
-0,35
0,01
0,24
-0,26
0,3
-0,39
0,1
-0,95
-0,35
0,01
0,24
-0,26
0,3
-0,39
0,1
-0,95
-0,35
0,01
0,24
-0,26
0,3
-0,39
0,1
-0,95
-0,35
0,01
0,24
-0,26
0,3
-0,39
0,1
-0,95
-0,35
0,207567567567568
46
50
1
1000
75
25
1
14.09.2011 10:47:36

28
14
4
466
0,18
0,12
0,99
-0,44
-0,71
-0,81
-0,04
-0,81
-0,04
-0,81
-0,04
-0,81
-0,04
-0,81
-0,04
-0,81
-0,04
-0,81
-0,04
-0,81
-0,04
-0,81
-0,04
-0,81
-0,04
-0,81
-0,04
-0,81
-0,04
-0,81
-0,04
-0,81
-0,04
-0,81
-0,04
-0,81
-0,04
-0,81
-0,04
-0,81
-0,04
-0,81
-0,04
-0,81
-0,04
-0,81
-0,04
-0,81
-0,04
-0,81
-0,04
-0,81
-0,04
-0,81
-0,04
-0,81
-0,04
-0,81
-0,04
-0,81
-0,04
-0,81
-0,04
-0,81
-0,04
-0,81
-0,04
-0,81
-0,04
-0,81
-0,04
-0,81
-0,04
-0,81
-0,04
-0,81
-0,04
-0,81
-0,04
-0,81
-0,04
-0,81
-0,04
-0,81
-0,04
-0,81
-0,04
-0,81
-0,04
-0,81
-0,04
-0,81
-0,04
-0,81
-0,04
-0,81
-0,04
-0,81
-0,04
-0,81
-0,04
-0,81
-0,04
-0,81
-0,04
-0,81
-0,04
-0,81
-0,04
-0,81
-0,04
-0,81
-0,04
-0,81
-0,04
-0,81
-0,04
-0,81
-0,04
-0,81
-0,04
-0,81
-0,04
-0,81
-0,04
-0,81
-0,04
-0,81
-0,04
-0,81
-0,04
-0,81
-0,04
-0,81
-0,04
-0,81
-0,04
-0,81
-0,04
-0,81
-0,04
-0,81
-0,04
-0,81
-0,04
-0,81
-0,04
-0,81
-0,04
-0,81
-0,04
-0,81
-0,04
-0,81
-0,04
-0,81
-0,04
-0,81
-0,04
-0,81
-0,04
-0,81
-0,04
-0,81
-0,04
-0,81
-0,04
-0,81
-0,04
-0,81
-0,04
-0,81
-0,04
-0,81
-0,04
-0,81
-0,04
-0,81
-0,04
-0,81
-0,04
-0,81
-0,04
-0,81
-0,04
-0,81
-0,04
-0,81
-0,04
-0,81
-0,04
-0,81
-0,04
-0,81
-0,04
-0,81
-0,04
-0,81
-0,04
-0,81
-0,04
-0,81
-0,04
-0,81
-0,04
-0,81
-0,04
-0,81
-0,04
-0,81
-0,04
-0,81
-0,04
-0,81
-0,04
-0,81
-0,04
-0,81
-0,04
-0,81
-0,04
-0,81
-0,04
-0,81
-0,04
-0,81
-0,04
-0,81
-0,04
-0,81
-0,04
-0,81
-0,04
-0,81
-0,04
-0,81
-0,04
-0,81
-0,04
-0,81
-0,04
-0,81
-0,04
-0,81
-0,04
-0,81
-0,04
-0,81
-0,04
-0,81
-0,04
-0,81
-0,04
-0,81
-0,04
-0,81
-0,04
-0,81
-0,04
-0,81
-0,04
-0,81
-0,04
-0,81
-0,04
-0,81
-0,04
-0,81
-0,04
-0,81
-0,04
-0,81
-0,04
-0,81
-0,04
-0,81
-0,04
-0,81
-0,04
-0,81
-0,04
-0,81
-0,04
-0,81
-0,04
-0,81
-0,04
-0,81
-0,04
-0,81
-0,04
-0,81
-0,04
-0,81
-0,04
-0,81
-0,04
-0,81
-0,04
-0,81
-0,04
-0,81
-0,04
-0,81
-0,04
-0,81
-0,04
-0,81
-0,04
-0,81
-0,04
-0,81
-0,04
-0,81
-0,04
-0,81
-0,04
-0,81
-0,04
-0,81
-0,04
-0,81
-0,04
-0,81
-0,04
-0,81
-0,04
-0,81
-0,04
-0,81
-0,04
-0,81
-0,04
-0,81
-0,04
-0,81
-0,04
-0,81
-0,04
-0,81
-0,04
-0,81
-0,04
-0,81
-0,04
-0,81
-0,04
-0,81
-0,04
-0,81
-0,04
-0,81
-0,04
-0,81
-0,04
-0,81
-0,04
-0,81
-0,04
-0,81
-0,04
-0,81
-0,04
-0,81
-0,04
-0,81
-0,04
-0,81
-0,04
-0,81
-0,04
-0,81
-0,04
-0,81
-0,04
-0,81
-0,04
-0,81
-0,04
-0,81
-0,04
-0,81
-0,04
-0,81
-0,04
-0,81
-0,04
-0,81
-0,04
-0,81
-0,04
-0,81
-0,04
-0,81
-0,04
-0,81
-0,04
-0,81
-0,04
-0,81
-0,04
-0,81
-0,04
-0,81
-0,04
-0,81
-0,04
-0,81
-0,04
-0,81
-0,04
-0,81
-0,04
-0,81
-0,04
-0,81
-0,04
-0,81
-0,04
-0,81
-0,04
-0,81
-0,04
-0,81
-0,04
-0,81
-0,04
-0,81
-0,04
-0,81
-0,04
-0,81
-0,04
-0,81
-0,04
-0,81
-0,04
-0,81
-0,04
-0,81
-0,04
-0,81
-0,04
-0,81
-0,04
-0,81
-0,04
-0,81
-0,04
-0,81
-0,04
-0,81
-0,04
-0,81
-0,04
-0,81
-0,04
-0,81
-0,04
-0,81
-0,04
-0,81
-0,04
-0,81
-0,04
-0,81
0,207567567567568
45
75
1
100
75
25
1
14.09.2011 10:49:36

28
6
4
202
-0,83
0,08
0,9
0,74
-0,38
-0,57
0,98
-0,92
-0,78
-0,47
-0,28
0,35
0,01
0,24
-0,26
0,3
-0,39
0,1
-0,95
-0,35
0,01
0,24
-0,26
0,3
-0,39
0,1
-0,95
-0,35
0,01
0,24
-0,26
0,3
-0,39
0,1
-0,95
-0,35
0,01
0,24
-0,26
0,3
-0,39
0,1
-0,95
-0,35
0,01
0,24
-0,26
0,3
-0,39
0,1
-0,95
-0,35
0,01
0,24
-0,26
0,3
-0,39
0,1
-0,95
-0,35
0,01
0,24
-0,26
0,3
-0,39
0,1
-0,95
-0,35
0,01
0,24
-0,26
0,3
-0,39
0,1
-0,95
-0,35
0,01
0,24
-0,26
0,3
-0,39
0,1
-0,95
-0,35
0,01
0,24
-0,26
0,3
-0,39
0,1
-0,95
-0,35
0,01
0,24
-0,26
0,3
-0,39
0,1
-0,95
-0,35
0,01
0,24
-0,26
0,3
-0,39
0,1
-0,95
-0,35
0,01
0,24
-0,26
0,3
-0,39
0,1
-0,95
-0,35
0,01
0,24
-0,26
0,3
-0,39
0,1
-0,95
-0,35
0,01
0,24
-0,26
0,3
-0,39
0,1
-0,95
-0,35
0,01
0,24
-0,26
0,3
-0,39
0,1
-0,95
-0,35
0,01
0,24
-0,26
0,3
-0,39
0,1
-0,95
-0,35
0,01
0,24
-0,26
0,3
-0,39
0,1
-0,95
-0,35
0,01
0,24
-0,26
0,3
-0,39
0,1
-0,95
-0,35
0,01
0,24
-0,26
0,3
-0,39
0,1
-0,95
-0,35
0,01
0,24
-0,26
0,3
-0,39
0,1
-0,95
-0,35
0,01
0,24
-0,26
0,3
-0,39
0,1
-0,95
-0,35
0,01
0,24
-0,26
0,3
-0,39
0,1
-0,95
-0,35
0,01
0,24
-0,26
0,3
-0,39
0,1
0,205405405405405
45
50
0,999279019466474
100
75
25
1
14.09.2011 10:51:19

28
4
4
136
-0,29
0,35
0,01
0,24
-0,26
0,3
-0,39
0,1
-0,95
-0,35
0,01
0,24
-0,26
0,3
-0,39
0,1
-0,95
-0,35
0,01
0,24
-0,26
0,3
-0,39
0,1
-0,95
-0,35
0,01
0,24
-0,26
0,3
-0,39
0,1
-0,95
-0,35
0,01
0,24
-0,26
0,3
-0,39
0,1
-0,95
-0,35
0,01
0,24
-0,26
0,3
-0,39
0,1
-0,95
-0,35
0,01
0,24
-0,26
0,3
-0,39
0,1
-0,95
-0,35
0,01
0,24
-0,26
0,3
-0,39
0,1
-0,95
-0,35
0,01
0,24
-0,26
0,3
-0,39
0,1
-0,95
-0,35
0,01
0,24
-0,26
0,3
-0,39
0,1
-0,95
-0,35
0,01
0,24
-0,26
0,3
-0,39
0,1
-0,95
-0,35
0,01
0,24
-0,26
0,3
-0,39
0,1
-0,95
-0,35
0,01
0,24
-0,26
0,3
-0,39
0,1
-0,95
-0,35
0,01
0,24
-0,26
0,3
-0,39
0,1
-0,95
-0,35
0,01
0,24
-0,26
0,3
-0,39
0,1
-0,95
-0,35
0,01
0,24
-0,26
0,3
-0,39
0,1
-0,95
-0,35
0,01
0,24
-0,26
0,3
-0,39
0,1
0,500900900900901
-1
50
0,691119691119691
1000
70
30
2
14.09.2011 10:53:23

28
1
4
37
-0,56
0,98
-0,92
-0,78
-0,47
-0,28
0,35
0,01
0,24
-0,26
0,3
-0,39
0,1
-0,95
-0,35
0,01
0,24
-0,26
0,3
-0,39
0,1
-0,95
-0,35
0,01
0,24
-0,26
0,3
-0,39
0,1
-0,95
-0,35
0,01
0,24
-0,26
0,3
-0,39
0,1
0,488288288288288
0
50
1
5000
70
30
2
14.09.2011 10:57:51

28
4
4
136
-0,29
0,35
0,01
0,24
-0,26
0,3
-0,39
0,1
-0,95
-0,35
0,01
0,24
-0,26
0,3
-0,39
0,1
-0,95
-0,35
0,01
0,24
-0,26
0,3
-0,39
0,1
-0,95
-0,35
0,01
0,24
-0,26
0,3
-0,39
0,1
-0,95
-0,35
0,01
0,24
-0,26
0,3
-0,39
0,1
-0,95
-0,35
0,01
0,24
-0,26
0,3
-0,39
0,1
-0,95
-0,35
0,01
0,24
-0,26
0,3
-0,39
0,1
-0,95
-0,35
0,01
0,24
-0,26
0,3
-0,39
0,1
-0,95
-0,35
0,01
0,24
-0,26
0,3
-0,39
0,1
-0,95
-0,35
0,01
0,24
-0,26
0,3
-0,39
0,1
-0,95
-0,35
0,01
0,24
-0,26
0,3
-0,39
0,1
-0,95
-0,35
0,01
0,24
-0,26
0,3
-0,39
0,1
-0,95
-0,35
0,01
0,24
-0,26
0,3
-0,39
0,1
-0,95
-0,35
0,01
0,24
-0,26
0,3
-0,39
0,1
-0,95
-0,35
0,01
0,24
-0,26
0,3
-0,39
0,1
-0,95
-0,35
0,01
0,24
-0,26
0,3
-0,39
0,1
-0,95
-0,35
0,01
0,24
-0,26
0,3
-0,39
0,1
0,404504504504504
-1
50
0,64980694980695
10000
70
30
2
14.09.2011 11:18:08

28
4
4
136
0,9
0,74
-0,38
-0,57
0,98
-0,92
-0,78
-0,47
-0,28
0,35
0,01
0,24
-0,26
0,3
-0,39
0,1
-0,95
-0,35
0,01
0,24
-0,26
0,3
-0,39
0,1
-0,95
-0,35
0,01
0,24
-0,26
0,3
-0,39
0,1
-0,95
-0,35
0,01
0,24
-0,26
0,3
-0,39
0,1
-0,95
-0,35
0,01
0,24
-0,26
0,3
-0,39
0,1
-0,95
-0,35
0,01
0,24
-0,26
0,3
-0,39
0,1
-0,95
-0,35
0,01
0,24
-0,26
0,3
-0,39
0,1
-0,95
-0,35
0,01
0,24
-0,26
0,3
-0,39
0,1
-0,95
-0,35
0,01
0,24
-0,26
0,3
-0,39
0,1
-0,95
-0,35
0,01
0,24
-0,26
0,3
-0,39
0,1
-0,95
-0,35
0,01
0,24
-0,26
0,3
-0,39
0,1
-0,95
-0,35
0,01
0,24
-0,26
0,3
-0,39
0,1
-0,95
-0,35
0,01
0,24
-0,26
0,3
-0,39
0,1
-0,95
-0,35
0,01
0,24
-0,26
0,3
-0,39
0,1
-0,95
-0,35
0,01
0,24
-0,26
0,3
-0,39
0,1
-0,95
-0,35
0,01
0,24
-0,26
0,3
-0,39
0,1
0,36996996996997
-1
50
0,635006435006435
500
70
30
2
14.09.2011 11:23:19

28
4
4
136
-0,65
-0,68
-0,25
0,78
-0,47
-0,28
0,35
0,01
0,24
-0,26
0,3
-0,39
0,1
-0,95
-0,35
0,01
0,24
-0,26
0,3
-0,39
0,1
-0,95
-0,35
0,01
0,24
-0,26
0,3
-0,39
0,1
-0,95
-0,35
0,01
0,24
-0,26
0,3
-0,39
0,1
-0,95
-0,35
0,01
0,24
-0,26
0,3
-0,39
0,1
-0,95
-0,35
0,01
0,24
-0,26
0,3
-0,39
0,1
-0,95
-0,35
0,01
0,24
-0,26
0,3
-0,39
0,1
-0,95
-0,35
0,01
0,24
-0,26
0,3
-0,39
0,1
-0,95
-0,35
0,01
0,24
-0,26
0,3
-0,39
0,1
-0,95
-0,35
0,01
0,24
-0,26
0,3
-0,39
0,1
-0,95
-0,35
0,01
0,24
-0,26
0,3
-0,39
0,1
-0,95
-0,35
0,01
0,24
-0,26
0,3
-0,39
0,1
-0,95
-0,35
0,01
0,24
-0,26
0,3
-0,39
0,1
-0,95
-0,35
0,01
0,24
-0,26
0,3
-0,39
0,1
-0,95
-0,35
0,01
0,24
-0,26
0,3
-0,39
0,1
-0,95
-0,35
0,01
0,24
-0,26
0,3
-0,39
0,1
-0,95
-0,35
0,01
0,205405405405405
-5
50
1
500
75
25
2
14.09.2011 16:29:26

