28
0
4
116
3,30429565489514
5,28891312205152
1,38021960066082
1,60792254285674
4,34906072895257
0,164747794793558
-1,86267274304497
2,92088235294117
-1,97880604172081
0,753390596331681
-0,386111111111111
4,83911397545568
-0,209637393604762
-7,01840909090908
-1,25790764790759
-2,28380952380943
1,98846380657527
0,780625281151628
-1,6672778014682
5,15252525252526
1,34761904761902
1,29060450256662
-0,997301587301597
-0,801968781132864
1,70625
-0,656167043740576
0,927471685147619
7,55359317969599
-0,35
-3,92154497506281
-1,78337611648754
-1,19709415584429
2,73218420296558
-1,00668143107101
1,63151287828386
5,5893702299111
2,08755476549594
2,05768351964803
-2,91145069928354
-1,66
-0,935269958799388
2,70860458001153
-1,67857142857143
2,73574823868943
3,41190476190466
-0,644449472096532
2,34449525964234
-0,761326198396908
-2,00555555555555
0,255329670329736
3,91318118156336
3,17232409833027
-2,43253588516747
-4,99625
-3,19778280542986
-0,627992870805385
-7,24948115609874
0,11
1,25144004172644
-8,79026409606906
1,10846979817564
-6,19933765022382
-5,0718945077671
-4,59775769079538
-4,3383536484158
3,39076923076924
0,511610721150229
2,73461375226029
1,8055250305251
-5,88640189924046
-3,54037079879161
6,11559523809503
-3,51186656480776
-1,97333333333333
-3,22147034252301
-0,0975072485134338
-0,924362071936803
-0,262727272727273
-3,08248303167426
-2,659249795612
0,668113912231575
1,59914733357452
3,4034188034188
1,01895424836605
1,47898664233026
-4,79138888888889
-0,26
-0,641760892616192
-0,359721199852773
2,86841609371019
1,79540595713204
-0,458749173513126
-0,212914970306605
-0,714609540786009
-0,482222222222222
-0,38702022779424
-0,381570985344206
-0,37042582417582
-0,846683218742101
-0,255555555555549
2,68679653679654
0,01
3,615
4,63676113360325
-0,424310493428166
0,732219062877524
-0,344444444444436
-0,134954751131224
-0,49156346749225
-1,04785617890884
-0,492278138528115
-0,661709401709382
1,74230769230766
0,358727661227639
-0,344444444444435
-0,45
0,564324324324324
0
50
0,310742609949531
500
75
25
2
13.09.2011 17:37:12

28
0
4
116
3,63359974047279
6,56504563827121
0,178043341639888
2,04725273218056
3,5522640484943
0,365108643058236
-1,60306625909499
2,46365712074303
-1,27423123790704
1,34986203339144
-1,27943541451668
4,76783355330697
1,20328202869679
-1,93365800865801
-0,867568542568542
-2,1634126984127
0,715428767998428
-0,64766244337317
0,147921247517745
3,5559595959596
-0,499999999999998
1,54614528917935
-0,953174603174604
-0,995502183537587
1,76083333333333
-0,6991470522082
1,89917302663945
6,02025620621208
-0,4
-4,52203201640119
-2,34865543598129
-0,913090642139301
1,68308181844105
-0,48401515603494
1,53952339575741
4,04878499157478
2,28737430869784
1,38284462561116
-3,73360249141981
-3,6510275689223
-1,58522578834922
2,23345143795942
-1,55
2,03842283705287
2,73906926406925
-3,51915535444947
2,61690472541023
0,0417960732872039
-1,49511904761905
0,971394096099976
1,52458138266962
1,73376368901138
-1,51000380319939
-3,5125
-0,143937048503613
-1,33113334224888
-4,98897568118155
0,24
1,45661096514426
-3,21897225108913
-1,62240582130289
-4,99509956203067
-3,1771714604961
-3,00186072269663
-2,06123935232294
-1,97285143949618
0,171193183751233
3,09486611212995
2,38388105917129
-4,20396266894365
-2,40339309812992
5,0557341269841
-3,11327486411078
-1,74430735930736
-0,903299916457813
-1,08006899318432
-0,0743230822901152
0,716666666666666
-2,10720480499893
-2,08388260088725
3,11158412622806
2,09847035922755
2,33418803418803
1,37407163742689
1,69996866654306
-2,54027777777777
-0,35
-1,13693100587063
-1,71469761576572
1,759493006993
-0,574648889122571
-1,1687951756992
-0,499881443805594
-1,83099482217129
-1,10694444444444
-0,690219912526414
-1,1018550253496
-0,871119144013876
-1,65843830792679
-0,67557504873294
-0,305844155844155
-0,679411764705882
2,775
4,00763832658569
-0,743064521048277
0,156637470618524
-0,948511904761905
-0,455233785822022
-1,70114164086688
-2,72940765374976
-0,936940836940837
-0,774188034188032
1,50762820512821
0,366822346451502
1,46666666666666
-0,39
0,436756756756757
-1
50
0,305382027871216
25
75
25
2
13.09.2011 17:38:17

28
0
4
116
0,807786272035812
2,17787419301592
0,331531013743387
0,347590562353137
1,27350779107878
-1,21046774072608
-4,81394132467411
0,913124355005065
-0,533328252676153
-0,0378671165435862
-2,0124114207085
1,74924188802046
0,702935313478672
-6,60416666666628
-1,54411255411244
-6,2634920634927
0,528168460366715
0,0390173105562069
-7,41508602461016
1,81392676767663
-5,6209243697479
0,0902903082470334
-2,03505135387499
0,473680180067423
0,51875
-1,1868655896908
0,570641468552628
2,10279390544097
-0,26
-5,666901115739
-3,27975173003849
-1,84517815607513
1,41901732336904
-1,06006623114308
1,14548646766096
3,10909575483093
1,64497737556598
0,939967774967193
-4,56170238817228
-4,67230576441102
-2,25495568654111
1,47701562993455
-0,423333333333333
1,58629601994207
1,9914430014424
-5,25422322775366
2,23937995695088
-6,46102324536131
-1,89146825396815
0,76182396035325
1,15736256390712
1,40287782994502
-5,28928784023142
-7,64375000000005
0,182654203381746
-1,4826585475541
-6,25690930801007
0,15
1,6635750820392
-5,15995453033401
-3,0097064210296
-5,7749795010628
-5,44515952102909
-5,13575447385269
-3,52644611150803
-3,25577204228509
0,326184909431929
2,36393110844716
1,59021778617036
-6,52907795510556
-3,98594177752056
5,89675324675219
-4,23584380875298
-2,94253246753246
-3,16564745196363
-2,77240828315176
-1,89793623958452
1,35303030303059
-2,70154654169393
-3,2139198263034
2,04585974740677
1,67436674690635
3,01854700854701
0,994342965256357
1,04765299063755
-5,39444444444446
-0,39
-4,80897150020802
-7,2226049556746
-0,297995680789819
-0,0668656524073651
-3,82015671420235
-1,91716291577373
-4,82924306086134
-3,62263888888888
-2,10752068708558
-3,60710037726214
-2,78202356853611
-4,79643782900488
-2,36818713450266
0,627445887445805
-2,023529411765
0,7975
1,6795070254824
-2,3177960756109
13,2673126167862
-2,84148809523817
-1,59314479638033
-5,20426876013457
-7,6168269230769
-3,6568650793664
-5,19487179487059
0,424999999999983
-1,98347060015813
0,593333333333333
-0,26
0,448432432432432
46
50
0,301643361683725
750
75
25
1
13.09.2011 17:40:42

28
0
4
116
2,19229667778205
4,5433081604926
0,847610255473514
1,01023626194814
2,1686391870987
-0,566370513572281
-2,65064146321466
2,04420555064049
-1,08446923180586
-0,134409854851154
-1,0253560371517
3,160137263583
1,56875762776518
-6,91920454545499
-1,78993506493596
-3,83142857142901
1,2971406457321
-0,725849165136026
-12,5993098187886
3,8830681818176
-3,08987394957982
0,883459046758262
-1,1291596638656
-1,24724561345325
1,4725
-0,948582102882262
1,39064276191747
4,55056101985927
-0,39
-6,44055402608055
-1,69193676292751
-2,41261900369377
0,447071671430318
-0,228415759936454
0,261533081856846
1,06898688965801
0,451662895927577
0,305990932442494
-5,16227731827387
-6,02000000000001
-2,65884123868811
0,313879410063814
-1,025
0,567842942660751
0,537045454545518
-5,39156108597327
0,520483723773095
-4,52115971885401
-2,41857142857069
0,15381060116354
0,345525136628029
0,304262919742915
-4,84878151260483
-8,41625000000002
0,150351274112806
-1,88561886474394
-7,1578464917413
-0,21
1,87773159116415
-3,11112811917364
-1,43781027795742
-3,85744663231491
-2,30611275267336
-2,07878621185222
-1,39520470241851
-1,35554402833964
0,0565125489835668
3,10415580936268
2,37575007229408
-4,57039829878146
-1,64164545980369
5,04960227272872
-3,02721761210848
-1,23345779220719
-1,63680451127849
-1,1227143580101
-7,39214949885065
2,03636363636329
-1,10701519069265
-1,55509750311654
3,15551508862684
2,49340452386501
4,42749999999999
1,39312113003137
1,64617705764648
-2,2
-0,0499999999999999
-0,0928599496478949
-0,100486059992642
2,44548507375118
0,0266570117189436
-0,0740716011285281
0,032493450821599
-0,152774541634892
-0,103125000000002
-0,157651991970893
-0,139830989443911
-0,0889762868710073
-0,111724921497933
-0,0600877192982724
-0,148636363636385
-0,0697899159663865
3,55
4,62974994046206
-0,109463643941205
19,9633334750445
-0,195
0,0634615384615496
-0,15841137770897
-7,10888917004131
-0,0750405844156447
-0,127884615384644
1,67802036199026
-0,0690671381048845
0,499821428571428
-0,6
0,381681681681682
46
45
0,301351351351351
1000
70
30
1
13.09.2011 17:42:30

28
0
4
116
2,50056880769661
5,09069937587342
1,6055618401206
1,27210154339402
3,32989764030616
0,256138894477017
-2,97469427948719
2,56933239962651
-2,89065585446166
1,03627232244878
-0,53
4,21800925942093
-0,592884036782882
-7,43977272727265
-1,69553751803739
-7,11952380952397
2,29862695955584
0,473521142600151
-2,38682493035424
4,58181818181819
-2,97261904761905
1,40414915966394
-1,07015873015867
-1,15914849512364
1,41361111111111
-1,06019356460517
0,497017553403495
6,36458333333294
-0,45
-8,38488222089347
-3,70589387564633
-1,0667863509041
0,258049889566965
-3,80133485617871
0,270396789854807
1,82676600715295
-1,02068878833581
0,245930431909376
-7,05703010397009
-0,01
-1,94281367325511
0,404626637664395
-0,506666666666667
0,406471224853572
0,352038239538214
-0,520588235294117
0,517047738123652
0,975932363576608
-8,28777777777777
0,222963800904972
0,398607715813616
0,71612345342989
-10,1282296650718
-9,50625000000007
-1,15666666666667
-2,70407348719881
-10,1067712842714
-0,2
1,42684067566445
-8,60517481314697
-2,56014508367482
-5,24585101645851
-3,79255092120754
-4,44736362966199
-3,11902235019881
4,2730769230766
1,031576617397
3,46947692829946
2,10463980463984
-4,9713326125124
-2,49464623096154
6,6567748917745
-3,00985145573382
-1,3875
-3,78849624060163
0,650410339574493
-2,04722636280844
-0,486363636363636
-2,15179298642545
-2,09494297240447
0,690513538748898
2,05391464400785
4,3151282051282
1,35000000000009
1,95783798263771
-3,38333333333333
-0,49
-3,35527140815849
-1,64227134707382
1,50856156098812
0,788017201237178
1,34859428353997
-1,00096888620492
-3,65552796876326
-2,37888888888889
-1,38729088936521
-2,269260231512
-1,8078296703297
-3,53044435956208
-1,50185185185194
1,45692640692631
-0,35
1,9475
-4,97052631578946
-2,65805627379113
0,595761372041489
-5,31222222222224
-1,06496983408754
-2,58557791537634
-4,95971659919027
-1,85918290043286
-3,38393162393163
0,865961538461548
0,671375152625117
1,38777777777771
-0,4
0,517117117117117
46
50
0,311196911196911
1000
70
30
1
14.09.2011 10:11:51

28
0
4
116
0,955862246628472
2,12653179358469
0,622522983552399
0,471269968922418
1,2379957694558
-0,0559966963814377
-1,72058441752708
0,970142390289337
-1,68428288366325
0,261836398894976
-0,3725
1,75871257511551
-0,626069461091997
-3,65647727272713
-1,13115800865811
-3,79595238095264
1,82766278441207
-0,315386784268347
-3,02669284932311
2,18929292929294
-1,97666666666668
0,397493089341016
-0,731031746031667
-0,764680462296472
0,53548611111111
-0,579661890396938
0,200171155262536
2,42825847763308
-0,31
-3,04670931343279
-1,29996752623899
-0,423482938629922
0,63618304811769
-1,40405794759419
0,37779999091107
1,43401916496927
0,33105077928614
0,539845460491269
-3,02984330491549
-0,04
-0,800157656885846
0,727168496073271
-2,41833333333333
0,737483872336807
0,940586219336453
-0,765
0,917278686440319
2,23096575032881
-2,89333333333333
0,352356173238537
0,659118442831873
1,51907821968188
-3,54026315789473
-3,85250000000002
-0,883529411764706
-0,947497786403761
-3,52155753968233
-0,29
0,58140020089119
-3,54985473934391
-1,70538712921069
-3,37783346533902
-2,96806353257726
-3,06322150351307
-2,37676093514438
1,42153846153846
0,325268884882052
1,1719642408233
0,692594627594647
-3,36602959858868
-2,07501831501825
2,88218614718571
-1,93955818691111
-1,15458333333333
-1,51327903091078
-0,256503882254537
-1,79209254115847
-0,267272727272727
-1,80490950226258
-1,50822018280989
0,731469151763105
0,682876152055771
1,42717948717949
0,577136437908496
0,667069822236886
-2,80458333333334
-0,31
-2,08171616352408
-0,993842473315965
0,546818022663725
0,293876166618145
0,472920884728688
-0,645576167039141
-2,24616034292504
-1,44888888888889
-0,826383284757911
-1,43268352347651
-1,12756868131862
-1,97230689245432
-0,938148148148267
0,531991341991199
-0,04
0,72125
-3,05315789473683
-1,62340587517002
0,560186991494134
-2,92111111111111
-0,65246229260942
-1,5950361197106
-3,06253711201079
-1,14597132034702
-2,0848717948713
0,344326923076949
0,226646201021142
0,537222222222132
-0,29
0,511711711711712
45
25
0,312741312741313
2500
70
30
1
14.09.2011 10:17:16

28
0
4
116
1,40119571218124
2,4900665923348
0,582299019607651
0,719941790665328
1,89197422028991
-0,34778709943756
-1,20606926232103
1,42792717086817
-0,909231661067747
0,504438992379696
-0,350000000000028
2,29979477218385
-0,850730676328701
-4,02931818181879
-1,13066017316043
-2,11380952380922
0,880156273035412
0,452129843840432
-4,919271022018
2,73806818181856
-1,97714285714286
0,584367435969714
-0,716190476190382
-0,597409566697231
0,768750000000001
-0,615957767722319
0,620743093671776
3,56421568627481
-0,36
-3,17514606394654
-1,20834918306666
-1,43425324675382
1,10402460027025
-1,28974739057117
0,624490041132359
2,3996634989948
0,578702865761537
0,853768970407352
-2,83434196608442
-2,27
-0,790822486337026
1,04665426107056
-2,28
1,24812261268185
1,29297619047593
-0,919773755656046
1,22506618639311
-1,58558912615253
-2,71666666666666
0,618695054945377
1,51015756302454
1,68859184159519
-3,32339712918661
-4,12625000000001
-2,36447963800905
-0,876779293529243
-3,89069104914712
-0,0499999999999999
0,758265569569737
-5,45561473871844
0,188772893772878
-4,4184670502354
-4,20115142911111
-3,83524786230261
-3,27660777818742
1,28730769230777
0,227195768627532
1,0474678018047
0,695219780219785
-4,58284268934807
-2,98480624638501
3,20506493506477
-2,75514642220521
-1,7125
-1,96343358395979
-0,476650449653507
-0,992899908299229
-0,396363636363636
-2,57597850678712
-2,16683587310549
0,695011850894359
0,760861378043782
1,29615384615385
0,802892156862834
0,565279030992492
-4,01250000000002
-0,3
-2,72657843704364
-1,28201509017271
0,575845683728134
0,31386380002888
-1,89889465195988
-0,908248165663459
-2,94266870384532
-1,9
-1,07308656255932
-1,8937648703196
-1,47664835164841
-2,55647695441804
-1,26222222222213
0,528311688311582
-0,26
0,75
1,51415575136917
-1,89730230553758
1,7778035615568
-1,29666666666679
-0,862963800905252
-2,11357585139237
-4,01141700404857
-1,89880952380982
-2,72589743589711
0,385
0,230387945387907
0,510256410256482
-0,29
0,566486486486486
45
30
0,310742609949531
2000
75
25
1
14.09.2011 10:20:12

28
0
4
116
2,34753706690609
3,01895126545318
1,44582051282039
1,15516200904434
2,88402051992763
0,153201995373071
-0,534997868488681
2,19894957983193
-0,502265769576072
0,17015871383518
-0,0900000000000036
3,31043928583379
0,0187853447721818
-3,37727272727266
-0,242489177489169
-4,11333333333317
3,03811735220411
-0,0822059957586256
-1,97973130949866
3,40969696969698
-0,393571428571414
1,45935467009778
-0,138683473389343
-0,143046520043442
1,59416666666667
-0,443616138763213
0,528883836303204
5,92607142857178
-0,35
-2,50274562254062
-1,06810378733751
-0,604733575248265
1,55483319054498
-0,708015537318481
0,901348552006925
3,32064982735668
1,03435143288086
1,1659709226698
-2,06112087216186
0,24
-0,73252399561234
1,50302229235285
-1,21
1,67926152279111
1,93869047619035
-1,33647058823532
1,846016001542
0,643306198551924
-1,44333333333333
0,880549450549583
1,31060637891482
1,54678891799646
-1,76818181818182
-3,18875
-0,128235294117647
-0,488408378033356
-2,60261363636371
0
0,830927210044717
-5,10708614785628
-1,34455505279029
-2,99050417332924
-2,24670819163786
-2,47035990712082
-1,76717605923459
2,72307692307678
0,652166846311685
2,20417364498202
1,33823260073262
-2,87468391302678
-1,32286292654704
4,08883116883122
-1,64103641456582
-0,75
-2,15147869674195
0,370722394220883
-1,7589390906138
-0,404545454545455
-1,13967194570145
-1,13122894133735
0,388879551820736
1,2731152748182
2,74333333333333
0,864583333333278
1,25477724842789
-1,79
-0,29
-2,33193740856706
-1,10956017666532
0,730386936592829
0,468514866196743
0,660861115578778
-0,700697728484241
-2,5165979118921
-1,62333333333334
-0,965131040270695
-1,59498271723069
-1,26861263736267
-2,32123631270684
-1,06111111111107
0,744155844155776
-0,35
0,985
-3,42315789473683
-1,81970480499878
0,578160687869848
-3,38333333333339
-0,748981900452626
-1,80311145510824
-3,43566801619432
-1,29681818181832
-2,34717948717936
0,464326923076882
0,331103063603028
0,726666666666702
-0,2
0,52972972972973
48
30
0,30984555984556
1000
70
30
1
14.09.2011 10:22:28

28
0
4
116
1,44150023737676
2,53248350978289
0,582085434173403
0,718160268094261
1,95142902224735
-0,338812740463309
-1,33365822134959
1,44249299719861
-0,944568305847056
0,52731141407542
-0,350000000000042
2,35715488369255
-0,856286231884343
-4,0838636363646
-1,10981601731642
-2,11380952380905
0,875528527200168
0,435256892230668
-6,666462242256
2,75473484848541
-1,98428571428572
0,56519390052689
-0,707619047618906
-0,501884658169082
0,739583333333334
-0,565701357465838
0,5808214400235
3,65875350140097
-0,36
-3,17038415918472
-1,23869073264195
-1,43762987013073
1,09913202896104
-1,31869271275927
0,635231714320155
2,41061587994716
0,568054298642303
0,842477733264995
-2,84114156483497
-2,27
-0,796226885858994
1,02733673648979
-2,28
1,22771963330849
1,27869047619008
-0,902714932126602
1,24611609623535
-2,18183681422877
-2,71666666666666
0,601552197802677
1,49608861726407
1,67935835062808
-3,32339712918661
-4,12625000000001
-2,36447963800905
-0,873168440793368
-3,91647886427327
-0,0499999999999999
0,758665613282476
-5,45561473871844
0,179776987718141
-4,41789945477605
-4,2103951265901
-3,8413292422229
-3,25994111152111
1,28730769230781
0,245240881409424
1,06140386574011
0,684230769230776
-4,575323892356
-2,98570850202402
3,20506493506468
-2,74574993633811
-1,7125
-1,94062656641588
-0,472006486805186
-1,67296741977097
-0,396363636363636
-2,57122737556529
-2,1757920871702
0,68803059685441
0,747954109873227
1,29615384615385
0,790637254902098
0,536736520870887
-4,01250000000002
-0,3
-2,73590945690139
-1,30604895104854
0,564970206264471
0,366973023107255
-1,90483548443333
-0,898443677066618
-2,94790679908349
-1,9
-1,14072228081377
-1,86160641989439
-1,45851648351657
-2,56111153552317
-1,27333333333319
0,522467532467371
-0,26
0,75
1,51336984996397
-1,88614091790559
3,09101377428807
-1,2900000000002
-0,811945701357879
-2,10874613002972
-4,01141700404857
-1,90565476190521
-2,72589743589693
0,385
0,238346653346593
0,526923076923186
-0,29
0,566486486486486
45
30
0,30930064888248
1000
75
25
1
14.09.2011 10:27:16
28
0
4
116
2,4888406966264
5,09596338474037
1,62538892480063
1,33337580591054
3,33327230947047
0,239934074316249
-2,81795707735996
2,58568160597572
-2,90291258324013
1,00320006790594
-0,612222222222222
4,1682091621752
-0,618474098894674
-7,45795454545447
-1,6816486291485
-7,12349206349223
2,32803872426171
0,453817235396243
-2,40780873992837
4,7919191919192
-2,96190476190476
1,45082835765893
-1,03126984126978
-1,19728193031591
1,42055555555555
-1,13127199597772
0,549270644515282
6,35735028859989
-0,45
-8,38488222089347
-3,70589387564633
-1,0667863509041
0,258049889566965
-3,80133485617871
0,270396789854807
1,82676600715295
-1,02068878833581
0,245930431909376
-7,05703010397009
-0,01
-1,94281367325511
0,404626637664395
-0,506666666666667
0,406471224853572
0,352038239538214
-0,520588235294117
0,517047738123652
0,975932363576608
-8,28777777777777
0,222963800904972
0,398607715813616
0,71612345342989
-10,1282296650718
-9,50625000000007
-1,15666666666667
-2,70407348719881
-10,1067712842714
-0,2
1,42684067566445
-8,60517481314697
-2,56014508367482
-5,24585101645851
-3,79255092120754
-4,44736362966199
-3,11902235019881
4,2730769230766
1,031576617397
3,46947692829946
2,10463980463984
-4,9713326125124
-2,49464623096154
6,6567748917745
-3,00985145573382
-1,3875
-3,78849624060163
0,650410339574493
-2,04722636280844
-0,486363636363636
-2,15179298642545
-2,09494297240447
0,690513538748898
2,05391464400785
4,3151282051282
1,35000000000009
1,95783798263771
-3,38333333333333
-0,49
-3,35527140815849
-1,64227134707382
1,50856156098812
0,788017201237178
1,34859428353997
-1,00096888620492
-3,65552796876326
-2,37888888888889
-1,38729088936521
-2,269260231512
-1,8078296703297
-3,53044435956208
-1,50185185185194
1,45692640692631
-0,35
1,9475
-4,97052631578946
-2,65805627379113
0,595761372041489
-5,31222222222224
-1,06496983408754
-2,58557791537634
-4,95971659919027
-1,85918290043286
-3,38393162393163
0,865961538461548
0,671375152625117
1,38777777777771
-0,4
0,517117117117117
46
50
0,311583011583012
1000
70
30
1
14.09.2011 16:26:59

